X	Y	Z
59598674	664259649	321
59598676	664259733	313
59598656	664259976	292
59598766	664258727	326
59598777	664258843	329
59598731	664259074	325
59598780	664259161	321
59598776	664259256	321
59598780	664259330	323
59598767	664259428	327
59598763	664259526	327
59598725	664259673	318
59598750	664259729	307
59598731	664259823	303
59598728	664259953	294
59598876	664257567	366
59598863	664257634	398
59598889	664257715	271
59598886	664257869	262
59598852	664257971	263
59598869	664258063	325
59598831	664258174	328
59598850	664258224	329
59598824	664258360	332
59598827	664258468	338
59598869	664258556	344
59598843	664258679	328
59598874	664258733	331
59598835	664258873	327
59598822	664258926	324
59598831	664259065	320
59598832	664259134	323
59598869	664259274	321
59598831	664259334	324
59598874	664259457	322
59598853	664259534	328
59598847	664259682	314
59598860	664259769	307
59598880	664259868	301
59598872	664259929	298
59598972	664256579	241
59598932	664256773	240
59598974	664256827	246
59598934	664256934	242
59598920	664257069	243
59598968	664257178	252
59598923	664257259	253
59598972	664257360	256
59598928	664257463	257
59598981	664257549	253
59598973	664257666	259
59598929	664257769	261
59598972	664257873	259
59598975	664257978	273
59598971	664258030	323
59598971	664258149	328
59598967	664258264	331
59598973	664258364	332
59598927	664258462	334
59598919	664258574	338
59598944	664258626	331
59598971	664258757	329
59598930	664258873	324
59598919	664258978	322
59598973	664259060	324
59598931	664259168	320
59598931	664259225	319
59598974	664259326	321
59598951	664259472	327
59598959	664259574	330
59598924	664259647	326
59598957	664259723	311
59598933	664259843	302
59598976	664259919	293
59599071	664255233	247
59599075	664255432	237
59599076	664255645	224
59599054	664255775	212
59599021	664255871	212
59599039	664255928	219
59599062	664256035	222
59599018	664256164	240
59599041	664256277	241
59599020	664256367	243
59599059	664256466	245
59599026	664256538	244
59599031	664256664	244
59599067	664256755	243
59599020	664256876	248
59599065	664256927	248
59599026	664257038	249
59599067	664257177	252
59599073	664257223	252
59599063	664257335	255
59599072	664257425	258
59599018	664257557	260
59599050	664257643	267
59599076	664257777	399
59599055	664257826	391
59599073	664257941	275
59599044	664258075	324
59599025	664258157	327
59599065	664258240	327
59599045	664258328	331
59599075	664258419	333
59599072	664258541	350
59599075	664258676	327
59599020	664258748	327
59599036	664258827	327
59599070	664258926	320
59599024	664259065	323
59599075	664259128	318
59599031	664259231	319
59599028	664259349	326
59599076	664259466	330
59599025	664259573	327
59599067	664259671	319
59599029	664259734	312
59599078	664259850	300
59599074	664259972	292
59599180	664254037	255
59599170	664254249	251
59599169	664254535	252
59599174	664254633	251
59599129	664254741	253
59599174	664254860	256
59599150	664254929	256
59599158	664255074	246
59599163	664255139	249
59599178	664255278	246
59599135	664255380	242
59599126	664255460	238
59599130	664255551	234
59599123	664255626	226
59599170	664255770	216
59599161	664255871	215
59599165	664255974	217
59599158	664256034	219
59599165	664256125	224
59599176	664256281	239
59599168	664256369	245
59599127	664256468	239
59599164	664256529	379
59599107	664256662	254
59599121	664256775	242
59599135	664256855	244
59599128	664256926	248
59599148	664257078	248
59599131	664257142	251
59599175	664257266	254
59599122	664257378	254
59599127	664257447	260
59599179	664257534	258
59599149	664257618	258
59599172	664257761	262
59599190	664257846	262
59599126	664257960	273
59599122	664258040	324
59599141	664258122	324
59599170	664258235	328
59599135	664258326	331
59599173	664258471	337
59599172	664258551	347
59599117	664258672	330
59599142	664258732	325
59599174	664258847	324
59599139	664258975	322
59599165	664259074	320
59599126	664259125	323
59599154	664259265	317
59599178	664259365	327
59599132	664259457	326
59599150	664259579	324
59599130	664259637	323
59599156	664259774	311
59599131	664259870	298
59599166	664259933	296
59599278	664253059	259
59599274	664253333	251
59599273	664253451	253
59599254	664253527	253
59599231	664253633	254
59599262	664253726	255
59599221	664253866	255
59599267	664253928	254
59599272	664254064	255
59599224	664254121	255
59599239	664254228	252
59599238	664254371	254
59599228	664254437	253
59599227	664254556	255
59599236	664254627	250
59599268	664254774	254
59599226	664254841	255
59599260	664254929	254
59599278	664255037	253
59599272	664255127	252
59599227	664255221	246
59599267	664255329	247
59599271	664255441	244
59599270	664255536	243
59599273	664255630	237
59599271	664255767	223
59599225	664255875	219
59599242	664255978	220
59599263	664256026	217
59599250	664256183	220
59599241	664256279	240
59599242	664256338	240
59599218	664256447	251
59599271	664256540	245
59599268	664256661	246
59599230	664256771	244
59599266	664256826	246
59599277	664256969	249
59599225	664257068	250
59599267	664257125	250
59599226	664257224	256
59599280	664257379	258
59599223	664257421	256
59599226	664257559	258
59599224	664257660	264
59599222	664257755	263
59599236	664257871	265
59599226	664257923	276
59599250	664258076	327
59599261	664258176	326
59599238	664258230	330
59599261	664258341	330
59599228	664258456	332
59599274	664258525	339
59599274	664258639	328
59599223	664258717	326
59599224	664258868	322
59599273	664258934	323
59599263	664259075	317
59599211	664259135	316
59599262	664259225	313
59599209	664259345	318
59599227	664259470	484
59599267	664259568	333
59599239	664259677	318
59599277	664259775	305
59599276	664259842	298
59599274	664259979	290
59599361	664252566	252
59599366	664252668	254
59599345	664252719	257
59599345	664252871	261
59599327	664252965	261
59599326	664253064	257
59599373	664253175	255
59599341	664253223	257
59599328	664253337	257
59599327	664253472	252
59599329	664253568	255
59599331	664253635	254
59599323	664253775	253
59599374	664253853	254
59599364	664253980	254
59599374	664254048	254
59599368	664254121	254
59599325	664254261	253
59599370	664254353	253
59599327	664254454	257
59599344	664254524	254
59599346	664254669	251
59599365	664254735	251
59599371	664254870	253
59599376	664254922	255
59599337	664255059	254
59599349	664255176	252
59599342	664255264	248
59599325	664255350	246
59599362	664255475	249
59599367	664255565	241
59599348	664255634	236
59599327	664255725	229
59599341	664255834	224
59599341	664255929	221
59599326	664256062	221
59599329	664256149	219
59599332	664256272	232
59599347	664256323	236
59599347	664256473	245
59599324	664256527	248
59599331	664256672	245
59599370	664256773	247
59599324	664256821	246
59599371	664256938	246
59599369	664257071	249
59599361	664257124	252
59599374	664257247	254
59599331	664257332	255
59599327	664257433	251
59599379	664257543	257
59599336	664257644	259
59599378	664257744	267
59599378	664257827	264
59599326	664257928	289
59599326	664258021	317
59599329	664258128	327
59599335	664258231	325
59599328	664258340	330
59599379	664258419	334
59599367	664258575	340
59599326	664258658	327
59599374	664258742	324
59599323	664258838	323
59599377	664258934	321
59599367	664259035	320
59599334	664259134	321
59599371	664259265	312
59599317	664259368	322
59599340	664259464	349
59599322	664259532	342
59599337	664259679	311
59599342	664259773	301
59599340	664259823	299
59599372	664259935	291
59599421	664252568	251
59599476	664252663	254
59599460	664252772	261
59599473	664252867	260
59599488	664252948	261
59599471	664253065	259
59599429	664253165	259
59599424	664253273	258
59599425	664253336	255
59599427	664253460	256
59599421	664253561	255
59599471	664253668	261
59599469	664253774	255
59599468	664253876	252
59599479	664253942	254
59599426	664254067	255
59599474	664254161	255
59599432	664254278	256
59599438	664254334	254
59599432	664254475	254
59599466	664254534	255
59599482	664254628	252
59599449	664254779	255
59599431	664254863	254
59599471	664254973	257
59599462	664255060	254
59599458	664255175	251
59599423	664255250	252
59599441	664255363	250
59599444	664255470	249
59599425	664255535	248
59599460	664255676	241
59599429	664255780	234
59599447	664255874	224
59599467	664255970	225
59599435	664256074	219
59599457	664256131	218
59599423	664256260	222
59599451	664256331	226
59599480	664256465	239
59599468	664256535	244
59599457	664256628	246
59599469	664256765	243
59599425	664256824	247
59599428	664256959	246
59599465	664257059	249
59599435	664257169	249
59599471	664257275	251
59599468	664257331	256
59599435	664257473	257
59599444	664257589	259
59599470	664257656	261
59599431	664257727	266
59599433	664257867	264
59599484	664257936	277
59599459	664258028	321
59599423	664258164	324
59599457	664258268	329
59599473	664258321	328
59599423	664258458	335
59599481	664258536	341
59599428	664258636	329
59599472	664258780	322
59599470	664258858	323
59599429	664258973	321
59599425	664259057	320
59599474	664259173	315
59599471	664259223	311
59599432	664259322	313
59599426	664259435	509
59599412	664259581	332
59599429	664259663	314
59599430	664259759	313
59599467	664259873	297
59599468	664259969	283
59599543	664252523	249
59599535	664252632	253
59599572	664252754	256
59599566	664252870	260
59599535	664252973	258
59599522	664253041	259
59599524	664253170	258
59599575	664253253	258
59599525	664253349	257
59599571	664253467	258
59599557	664253570	258
59599535	664253634	257
59599549	664253770	259
59599571	664253878	256
59599531	664253962	254
59599529	664254046	254
59599527	664254132	255
59599563	664254229	254
59599571	664254372	255
59599548	664254427	255
59599526	664254525	252
59599575	664254643	256
59599565	664254751	249
59599569	664254881	251
59599566	664254974	256
59599575	664255046	256
59599530	664255150	252
59599533	664255238	255
59599524	664255364	253
59599545	664255433	249
59599569	664255563	248
59599540	664255630	245
59599532	664255759	238
59599522	664255829	234
59599566	664255954	228
59599574	664256040	226
59599574	664256121	222
59599570	664256263	220
59599525	664256361	226
59599561	664256426	241
59599527	664256537	244
59599545	664256676	248
59599567	664256729	248
59599527	664256840	249
59599579	664256924	247
59599574	664257050	249
59599534	664257174	253
59599533	664257222	251
59599545	664257374	254
59599570	664257462	253
59599550	664257516	257
59599526	664257677	258
59599574	664257760	265
59599530	664257864	264
59599577	664257936	277
59599531	664258030	318
59599570	664258125	320
59599530	664258264	326
59599558	664258323	329
59599560	664258424	329
59599525	664258537	340
59599563	664258675	325
59599529	664258723	325
59599572	664258861	320
59599575	664258965	317
59599538	664259069	314
59599545	664259180	309
59599529	664259244	312
59599530	664259332	309
59599548	664259426	659
59599552	664259573	323
59599554	664259666	310
59599589	664259722	306
59599562	664259855	293
59599567	664259931	286
59599626	664252566	251
59599645	664252673	253
59599644	664252726	253
59599639	664252876	256
59599632	664252934	259
59599632	664253025	258
59599649	664253174	260
59599672	664253249	259
59599662	664253371	260
59599635	664253422	257
59599652	664253575	259
59599657	664253674	258
59599637	664253723	257
59599632	664253868	256
59599627	664253936	253
59599650	664254025	256
59599632	664254177	254
59599643	664254224	253
59599630	664254368	253
59599672	664254438	253
59599658	664254522	254
59599631	664254667	255
59599672	664254730	252
59599676	664254843	252
59599636	664254972	253
59599662	664255075	253
59599676	664255167	255
59599632	664255271	255
59599663	664255328	248
59599657	664255475	250
59599674	664255532	251
59599669	664255665	247
59599627	664255739	242
59599675	664255833	236
59599670	664255957	229
59599631	664256032	227
59599668	664256172	223
59599648	664256233	221
59599631	664256326	221
59599671	664256467	235
59599677	664256571	239
59599647	664256675	248
59599638	664256767	247
59599633	664256826	245
59599622	664256963	248
59599630	664257073	249
59599675	664257144	249
59599662	664257227	250
59599631	664257337	251
59599638	664257424	256
59599671	664257529	258
59599651	664257670	265
59599667	664257723	263
59599658	664257877	267
59599636	664257922	272
59599656	664258069	318
59599649	664258176	323
59599638	664258234	326
59599669	664258370	327
59599624	664258445	332
59599675	664258537	338
59599628	664258641	330
59599673	664258772	323
59599646	664258824	318
59599667	664258985	317
59599669	664259074	316
59599626	664259177	313
59599650	664259270	309
59599663	664259355	303
59599630	664259426	664
59599625	664259553	325
59599670	664259636	308
59599641	664259774	527
59599617	664259818	296
59599665	664259944	282
59599772	664252522	248
59599734	664252625	251
59599728	664252740	254
59599722	664252881	261
59599738	664252978	261
59599765	664253029	258
59599757	664253169	258
59599765	664253221	258
59599738	664253374	258
59599731	664253435	262
59599765	664253571	258
59599774	664253641	253
59599771	664253740	255
59599722	664253862	257
59599742	664253979	253
59599727	664254034	255
59599742	664254126	253
59599767	664254230	258
59599777	664254330	253
59599774	664254445	254
59599730	664254566	253
59599738	664254673	252
59599723	664254744	255
59599735	664254865	256
59599763	664254962	251
59599736	664255026	255
59599733	664255133	254
59599771	664255223	256
59599775	664255370	256
59599785	664255431	254
59599726	664255560	250
59599737	664255627	251
59599724	664255740	248
59599780	664255862	243
59599770	664255934	239
59599727	664256036	235
59599731	664256138	222
59599765	664256227	224
59599729	664256356	221
59599773	664256466	226
59599765	664256572	239
59599768	664256667	243
59599773	664256762	248
59599775	664256832	250
59599735	664256974	250
59599745	664257034	250
59599721	664257168	253
59599726	664257245	247
59599731	664257328	253
59599730	664257425	255
59599739	664257526	256
59599755	664257674	264
59599737	664257727	266
59599739	664257866	273
59599728	664257929	279
59599722	664258070	322
59599775	664258161	319
59599786	664258274	323
59599725	664258369	328
59599771	664258465	331
59599726	664258554	343
59599765	664258626	337
59599778	664258755	320
59599722	664258854	318
59599732	664258924	316
59599773	664259071	312
59599733	664259173	310
59599725	664259256	310
59599745	664259325	294
59599774	664259455	534
59599744	664259543	320
59599765	664259684	305
59599792	664259729	300
59599702	664259875	292
59599775	664259934	283
59599861	664252577	244
59599879	664252630	248
59599814	664252790	256
59599836	664252873	256
59599873	664252945	259
59599843	664253022	257
59599827	664253129	255
59599870	664253230	257
59599828	664253362	261
59599833	664253425	256
59599853	664253522	257
59599872	664253627	258
59599874	664253743	257
59599832	664253824	254
59599839	664253974	252
59599869	664254034	256
59599856	664254169	252
59599865	664254233	253
59599860	664254370	254
59599874	664254451	255
59599874	664254567	252
59599868	664254671	252
59599855	664254772	247
59599875	664254853	253
59599832	664254956	254
59599834	664255078	255
59599859	664255131	255
59599825	664255243	259
59599840	664255319	256
59599834	664255478	254
59599873	664255534	253
59599830	664255635	252
59599837	664255776	248
59599850	664255822	244
59599871	664255941	240
59599839	664256021	233
59599858	664256117	232
59599867	664256270	226
59599827	664256363	223
59599873	664256434	221
59599869	664256556	227
59599847	664256677	242
59599866	664256719	241
59599822	664256858	247
59599849	664256972	249
59599832	664257027	251
59599836	664257161	254
59599819	664257266	251
59599874	664257331	253
59599830	664257443	256
59599837	664257530	256
59599828	664257620	258
59599863	664257760	265
59599877	664257828	270
59599846	664257911	270
59599878	664258081	315
59599829	664258170	319
59599861	664258266	325
59599873	664258368	327
59599830	664258471	331
59599828	664258531	335
59599836	664258675	324
59599875	664258773	318
59599871	664258861	316
59599850	664258921	313
59599873	664259041	313
59599870	664259123	311
59599831	664259226	308
59599832	664259333	303
59599835	664259425	485
59599878	664259595	310
59599818	664259657	304
59599836	664259718	301
59599867	664259824	299
59599825	664259941	280
59599954	664252576	253
59599934	664252676	252
59599933	664252732	252
59599969	664252869	255
59599928	664252968	262
59599927	664253031	256
59599967	664253161	256
59599930	664253234	257
59599976	664253328	261
59599926	664253475	259
59599947	664253573	259
59599925	664253647	256
59599925	664253764	258
59599952	664253829	256
59599923	664253932	258
59599926	664254025	254
59599975	664254129	255
59599922	664254254	251
59599961	664254329	256
59599928	664254471	255
59599923	664254525	252
59599920	664254632	251
59599920	664254736	253
59599957	664254827	252
59599929	664254970	252
59599964	664255029	253
59599928	664255128	251
59599958	664255229	254
59599960	664255326	258
59599935	664255430	258
59599924	664255568	253
59599930	664255627	253
59599928	664255729	249
59599957	664255819	247
59599922	664255968	238
59599949	664256062	234
59599973	664256130	236
59599973	664256268	224
59599967	664256332	222
59599925	664256449	223
59599929	664256570	224
59599983	664256681	242
59599972	664256729	253
59599938	664256832	246
59599918	664256909	250
59599949	664257051	250
59599968	664257161	249
59599918	664257258	250
59599943	664257380	250
59599970	664257462	254
59599929	664257522	256
59599939	664257661	260
59599974	664257749	261
59599974	664257844	267
59599978	664257921	282
59599974	664258039	308
59599974	664258133	316
59599963	664258271	319
59599975	664258372	325
59599965	664258430	327
59599966	664258570	336
59599962	664258633	332
59599971	664258769	320
59599969	664258825	315
59599965	664258980	314
59599959	664259028	312
59599963	664259173	307
59599931	664259280	307
59599976	664259321	307
59599971	664259475	500
59599929	664259538	533
59599947	664259660	307
59599930	664259765	292
59599976	664259865	291
59599944	664259931	289
59598678	664259886	304
59598679	664259922	307
59598778	664258653	333
59598783	664258973	328
59598745	664259029	326
59598726	664259138	324
59598710	664259214	324
59598757	664259371	351
59598705	664259495	332
59598739	664259572	329
59598764	664259680	319
59598720	664259786	309
59598776	664259888	303
59598790	664259970	300
59598863	664257776	355
59598838	664257826	403
59598859	664257928	330
59598826	664258060	329
59598825	664258165	332
59598809	664258274	335
59598889	664258388	335
59598874	664258448	340
59598822	664258547	350
59598841	664258629	336
59598855	664258773	331
59598860	664258825	331
59598873	664258953	325
59598868	664259015	324
59598875	664259145	322
59598831	664259270	320
59598875	664259370	348
59598827	664259448	331
59598869	664259561	331
59598848	664259619	330
59598841	664259713	315
59598810	664259849	304
59598841	664259992	297
59598984	664256428	247
59598978	664256515	244
59598975	664256665	246
59598954	664256715	246
59598934	664256868	249
59598970	664256969	251
59598988	664257082	251
59598902	664257115	248
59598914	664257224	251
59598928	664257349	258
59598964	664257465	259
59598932	664257522	355
59598922	664257657	363
59598951	664257715	262
59598914	664257864	340
59598946	664257923	264
59598925	664258099	328
59598926	664258138	331
59598921	664258246	333
59598914	664258319	336
59598982	664258477	338
59598978	664258533	351
59598945	664258674	335
59598914	664258722	332
59598960	664258818	332
59598957	664258973	326
59598923	664259038	325
59598956	664259119	323
59598937	664259266	322
59598918	664259316	321
59598981	664259415	331
59598983	664259515	334
59598983	664259671	327
59598939	664259778	310
59598963	664259880	303
59598921	664259979	293
59599073	664255365	607
59599031	664255732	218
59599052	664255820	217
59599089	664255983	221
59599020	664256075	239
59599080	664256117	440
59599086	664256213	239
59599057	664256322	249
59599019	664256413	391
59599077	664256579	334
59599056	664256627	328
59599018	664256722	246
59599041	664256825	248
59599029	664256972	251
59599081	664257062	251
59599009	664257156	251
59599018	664257268	255
59599074	664257359	259
59599021	664257462	270
59599082	664257555	352
59599085	664257663	399
59599036	664257757	405
59599035	664257877	368
59599032	664257925	339
59599038	664258020	323
59599092	664258173	330
59599022	664258222	329
59599023	664258378	334
59599066	664258478	349
59599023	664258514	357
59599021	664258661	331
59599052	664258719	332
59599071	664258865	329
59599029	664258926	324
59599062	664259018	325
59599062	664259164	325
59599051	664259277	319
59599070	664259329	406
59599030	664259441	332
59599049	664259525	328
59599022	664259630	328
59599080	664259742	320
59599027	664259844	306
59599074	664259922	302
59599180	664254131	258
59599183	664254451	255
59599127	664254636	256
59599127	664254729	254
59599120	664254875	257
59599110	664254974	251
59599190	664255010	256
59599113	664255114	249
59599122	664255254	249
59599165	664255333	247
59599175	664255477	594
59599183	664255519	559
59599172	664255675	234
59599146	664255724	225
59599139	664255887	220
59599144	664255923	219
59599133	664256061	223
59599140	664256175	242
59599135	664256234	243
59599113	664256345	248
59599168	664256426	249
59599145	664256575	345
59599170	664256675	331
59599150	664256725	297
59599152	664256871	249
59599195	664256979	252
59599178	664257034	252
59599173	664257168	252
59599124	664257263	258
59599175	664257335	256
59599180	664257473	275
59599134	664257567	351
59599119	664257673	403
59599166	664257727	397
59599123	664257830	394
59599183	664257981	291
59599176	664258063	326
59599115	664258194	330
59599155	664258269	330
59599182	664258353	333
59599128	664258457	338
59599127	664258513	346
59599132	664258650	330
59599154	664258763	330
59599118	664258823	326
59599117	664258921	325
59599117	664259041	325
59599181	664259149	322
59599116	664259236	319
59599127	664259323	403
59599173	664259437	464
59599173	664259520	455
59599128	664259676	325
59599177	664259724	319
59599126	664259822	309
59599125	664259984	298
59599259	664253237	259
59599256	664253393	259
59599260	664253580	260
59599277	664253653	257
59599221	664253782	258
59599219	664253828	257
59599275	664253952	258
59599223	664254051	259
59599228	664254169	256
59599271	664254242	257
59599282	664254345	256
59599235	664254474	253
59599262	664254512	257
59599237	664254689	258
59599278	664254706	258
59599274	664254869	258
59599234	664254979	259
59599222	664255016	254
59599221	664255163	628
59599259	664255277	619
59599218	664255376	609
59599229	664255430	245
59599222	664255578	240
59599235	664255668	232
59599218	664255736	227
59599247	664255822	226
59599267	664255930	223
59599221	664256084	223
59599219	664256174	228
59599224	664256224	437
59599230	664256373	364
59599275	664256423	386
59599221	664256526	386
59599227	664256630	347
59599283	664256781	301
59599229	664256816	249
59599252	664256913	249
59599252	664257016	251
59599296	664257153	250
59599283	664257275	258
59599256	664257327	261
59599278	664257444	258
59599273	664257584	260
59599299	664257678	344
59599262	664257733	264
59599289	664257815	373
59599287	664257958	294
59599276	664258026	323
59599225	664258124	330
59599254	664258287	331
59599246	664258367	333
59599278	664258474	338
59599241	664258545	346
59599216	664258618	335
59599224	664258771	327
59599273	664258817	325
59599248	664258983	322
59599242	664259016	321
59599237	664259173	320
59599239	664259284	419
59599277	664259373	464
59599252	664259422	481
59599224	664259516	481
59599272	664259635	486
59599232	664259720	316
59599215	664259874	304
59599225	664259916	298
59599322	664252566	301
59599325	664252665	316
59599384	664252751	349
59599366	664252822	261
59599381	664252978	278
59599379	664253026	269
59599385	664253116	272
59599363	664253281	259
59599376	664253365	259
59599382	664253462	260
59599352	664253513	256
59599378	664253662	258
59599376	664253757	257
59599323	664253825	256
59599316	664253955	256
59599316	664254044	255
59599338	664254190	258
59599361	664254254	257
59599383	664254380	256
59599353	664254429	258
59599377	664254516	257
59599330	664254607	260
59599340	664254776	258
59599325	664254819	257
59599325	664254964	634
59599368	664255017	640
59599323	664255124	634
59599350	664255228	614
59599327	664255378	250
59599375	664255421	252
59599326	664255529	248
59599331	664255687	239
59599378	664255779	235
59599383	664255854	357
59599329	664255992	221
59599379	664256082	222
59599383	664256174	220
59599357	664256225	224
59599358	664256379	344
59599331	664256430	348
59599375	664256568	249
59599345	664256670	247
59599323	664256744	336
59599371	664256875	323
59599335	664256965	248
59599312	664257021	251
59599334	664257176	255
59599386	664257211	252
59599380	664257361	258
59599356	664257492	264
59599325	664257531	330
59599316	664257612	345
59599347	664257726	394
59599384	664257883	351
59599347	664257972	313
59599387	664258065	325
59599378	664258149	331
59599370	664258240	329
59599362	664258333	331
59599328	664258495	339
59599320	664258550	347
59599365	664258611	340
59599333	664258764	327
59599385	664258883	324
59599334	664258977	326
59599362	664259083	318
59599313	664259159	318
59599322	664259275	318
59599353	664259325	446
59599383	664259416	490
59599362	664259573	520
59599370	664259626	526
59599349	664259721	481
59599378	664259846	303
59599322	664259920	296
59599474	664252540	252
59599430	664252643	348
59599480	664252719	373
59599421	664252845	260
59599436	664252973	271
59599467	664253031	272
59599470	664253140	262
59599444	664253206	259
59599431	664253389	260
59599473	664253448	258
59599442	664253510	258
59599428	664253658	258
59599456	664253764	258
59599446	664253829	258
59599434	664253996	257
59599483	664254087	256
59599411	664254158	260
59599459	664254226	257
59599459	664254360	258
59599477	664254434	254
59599441	664254582	257
59599430	664254681	620
59599433	664254742	345
59599465	664254816	389
59599434	664254936	258
59599435	664255026	631
59599455	664255122	258
59599484	664255259	255
59599468	664255321	255
59599426	664255443	250
59599478	664255528	258
59599472	664255624	606
59599441	664255733	241
59599472	664255853	361
59599418	664255974	222
59599461	664256026	225
59599419	664256159	222
59599478	664256283	223
59599463	664256369	443
59599434	664256482	242
59599417	664256560	249
59599453	664256675	387
59599413	664256738	245
59599485	664256841	249
59599464	664256928	258
59599414	664257024	250
59599483	664257162	254
59599443	664257231	256
59599440	664257378	257
59599488	664257485	259
59599485	664257532	259
59599435	664257642	336
59599410	664257783	387
59599469	664257821	267
59599434	664257978	323
59599438	664258086	326
59599493	664258110	323
59599453	664258278	330
59599464	664258377	336
59599479	664258490	339
59599434	664258537	339
59599460	664258625	333
59599409	664258717	327
59599421	664258877	324
59599486	664258980	318
59599486	664259043	323
59599435	664259177	321
59599430	664259277	311
59599473	664259369	492
59599476	664259455	531
59599463	664259531	532
59599471	664259621	559
59599476	664259722	522
59599419	664259847	304
59599429	664259965	290
59599548	664252560	346
59599575	664252659	388
59599521	664252737	400
59599572	664252817	414
59599567	664252923	261
59599568	664253073	274
59599563	664253174	338
59599554	664253252	261
59599516	664253345	259
59599537	664253433	260
59599542	664253529	260
59599581	664253638	259
59599549	664253714	255
59599512	664253846	259
59599586	664253983	259
59599575	664254048	255
59599529	664254157	258
59599545	664254277	257
59599548	664254328	256
59599518	664254434	258
59599568	664254583	258
59599523	664254654	625
59599510	664254710	256
59599522	664254837	370
59599570	664254918	369
59599516	664255062	256
59599530	664255138	255
59599576	664255213	257
59599583	664255326	255
59599518	664255461	470
59599583	664255509	253
59599581	664255647	467
59599577	664255722	247
59599566	664255824	243
59599513	664255926	229
59599530	664256043	226
59599554	664256137	223
59599524	664256204	222
59599563	664256373	227
59599556	664256476	248
59599578	664256576	244
59599566	664256626	246
59599584	664256730	249
59599577	664256861	252
59599527	664256966	254
59599529	664257027	255
59599563	664257135	255
59599572	664257286	257
59599580	664257316	254
59599544	664257423	263
59599586	664257574	260
59599566	664257611	263
59599526	664257717	265
59599585	664257852	265
59599509	664257914	273
59599561	664258068	325
59599507	664258173	328
59599569	664258277	327
59599565	664258375	334
59599520	664258467	336
59599543	664258586	344
59599514	664258637	333
59599570	664258785	323
59599519	664258841	323
59599583	664258946	323
59599539	664259016	320
59599587	664259116	315
59599579	664259265	656
59599577	664259378	667
59599524	664259474	574
59599530	664259531	693
59599543	664259622	552
59599520	664259734	498
59599522	664259832	303
59599574	664259950	287
59599674	664252525	252
59599653	664252640	409
59599663	664252780	448
59599638	664252828	441
59599639	664252961	257
59599627	664253075	265
59599663	664253143	260
59599626	664253225	294
59599612	664253308	262
59599637	664253475	261
59599611	664253586	259
59599616	664253648	261
59599674	664253754	259
59599616	664253877	260
59599667	664253961	259
59599628	664254075	256
59599674	664254127	257
59599615	664254267	256
59599690	664254377	258
59599641	664254472	257
59599674	664254577	555
59599678	664254629	256
59599663	664254774	258
59599613	664254831	263
59599636	664254934	259
59599627	664255088	257
59599613	664255124	261
59599633	664255229	257
59599628	664255388	255
59599622	664255439	475
59599633	664255548	472
59599644	664255677	251
59599682	664255767	248
59599615	664255879	239
59599614	664255933	231
59599681	664256072	646
59599620	664256124	228
59599671	664256234	642
59599612	664256324	225
59599633	664256468	248
59599670	664256531	243
59599646	664256628	248
59599661	664256715	250
59599654	664256880	385
59599670	664256945	364
59599633	664257011	255
59599669	664257180	251
59599661	664257284	256
59599692	664257369	256
59599666	664257420	260
59599664	664257559	260
59599609	664257626	261
59599644	664257777	270
59599688	664257822	269
59599684	664257977	301
59599622	664258025	526
59599624	664258112	325
59599649	664258264	330
59599670	664258337	330
59599676	664258467	333
59599642	664258571	345
59599629	664258690	329
59599612	664258764	326
59599621	664258872	320
59599635	664258936	319
59599687	664259030	319
59599634	664259131	317
59599677	664259211	312
59599630	664259319	652
59599658	664259473	660
59599680	664259546	668
59599627	664259633	319
59599664	664259720	523
59599673	664259861	441
59599664	664259976	285
59599726	664252546	251
59599714	664252682	431
59599770	664252781	258
59599743	664252823	256
59599791	664252955	261
59599730	664253077	260
59599723	664253127	261
59599741	664253275	286
59599713	664253319	265
59599775	664253463	261
59599739	664253518	261
59599752	664253617	262
59599728	664253776	259
59599744	664253814	262
59599729	664253933	257
59599725	664254009	257
59599776	664254170	259
59599748	664254276	255
59599731	664254352	257
59599732	664254451	256
59599787	664254535	254
59599766	664254628	254
59599770	664254782	256
59599772	664254820	256
59599732	664254914	258
59599720	664255062	257
59599778	664255139	468
59599728	664255236	482
59599725	664255349	478
59599735	664255433	255
59599755	664255521	252
59599779	664255651	254
59599783	664255710	251
59599723	664255862	241
59599729	664255959	238
59599775	664256034	651
59599769	664256180	639
59599717	664256280	641
59599780	664256341	642
59599721	664256432	229
59599733	664256529	446
59599739	664256677	383
59599716	664256732	389
59599724	664256842	394
59599737	664256929	254
59599722	664257089	258
59599745	664257126	332
59599778	664257226	255
59599767	664257360	255
59599778	664257430	260
59599757	664257582	262
59599734	664257611	265
59599714	664257773	273
59599777	664257816	284
59599763	664257970	344
59599782	664258031	371
59599714	664258130	323
59599721	664258238	326
59599756	664258310	327
59599723	664258442	331
59599779	664258570	343
59599724	664258676	328
59599723	664258725	324
59599773	664258872	321
59599714	664258978	319
59599740	664259013	321
59599785	664259143	316
59599779	664259270	310
59599767	664259369	458
59599732	664259464	637
59599736	664259574	540
59599766	664259629	314
59599731	664259732	546
59599772	664259872	504
59599741	664259978	285
59599864	664252514	254
59599850	664252681	253
59599829	664252736	474
59599875	664252825	258
59599822	664252922	507
59599830	664253068	263
59599864	664253132	263
59599823	664253253	261
59599859	664253376	260
59599835	664253479	263
59599875	664253565	262
59599820	664253668	259
59599824	664253722	256
59599889	664253844	259
59599878	664253987	258
59599844	664254083	257
59599816	664254150	257
59599838	664254263	258
59599864	664254324	257
59599820	664254433	257
59599876	664254530	254
59599832	664254634	255
59599887	664254717	254
59599827	664254843	255
59599875	664254949	397
59599866	664255022	387
59599825	664255169	261
59599878	664255227	276
59599873	664255383	324
59599860	664255423	479
59599863	664255558	256
59599835	664255675	251
59599874	664255755	252
59599854	664255883	656
59599827	664255934	656
59599822	664256080	649
59599825	664256149	645
59599831	664256242	642
59599885	664256342	224
59599843	664256470	224
59599831	664256527	241
59599886	664256629	249
59599838	664256778	248
59599879	664256872	396
59599854	664256920	388
59599882	664257055	346
59599878	664257177	325
59599878	664257217	319
59599816	664257373	259
59599876	664257468	258
59599814	664257579	262
59599879	664257618	264
59599829	664257715	263
59599867	664257880	283
59599824	664257971	358
59599828	664258034	370
59599876	664258136	321
59599808	664258209	326
59599820	664258345	330
59599857	664258419	331
59599882	664258554	337
59599897	664258627	338
59599863	664258723	328
59599823	664258856	319
59599860	664258989	318
59599813	664259046	315
59599858	664259185	312
59599875	664259287	307
59599884	664259388	467
59599848	664259480	512
59599832	664259574	548
59599879	664259662	537
59599840	664259778	552
59599831	664259877	308
59599871	664259967	465
59599971	664252541	1163
59599940	664252636	254
59599973	664252775	263
59599923	664252833	480
59599971	664252918	460
59599981	664253077	423
59599930	664253167	275
59599975	664253239	261
59599923	664253382	268
59599968	664253425	305
59599984	664253544	261
59599913	664253685	260
59599973	664253778	257
59599975	664253832	259
59599989	664253957	260
59599969	664254065	256
59599959	664254176	255
59599984	664254276	256
59599940	664254379	254
59599984	664254438	256
59599980	664254553	254
59599967	664254677	256
59599967	664254766	253
59599979	664254874	257
59599988	664254911	254
59599935	664255079	256
59599974	664255153	256
59599936	664255277	468
59599968	664255355	257
59599989	664255463	259
59599942	664255520	256
59599951	664255675	254
59599978	664255780	663
59599940	664255876	249
59599980	664255929	656
59599961	664256024	244
59599937	664256173	648
59599926	664256243	225
59599948	664256383	224
59599970	664256486	224
59599991	664256507	223
59599931	664256634	250
59599928	664256776	344
59599986	664256852	251
59599973	664256964	255
59599977	664257028	395
59599924	664257132	352
59599978	664257270	359
59599945	664257328	256
59599976	664257442	256
59599914	664257579	263
59599969	664257679	264
59599925	664257784	271
59599922	664257849	272
59599976	664257976	297
59599923	664258020	317
59599910	664258132	319
59599934	664258271	326
59599922	664258350	325
59599927	664258456	330
59599906	664258507	335
59599934	664258643	338
59599919	664258747	327
59599940	664258846	320
59599990	664258925	317
59599925	664259069	314
59599912	664259152	311
59599964	664259240	310
59599939	664259365	460
59599917	664259448	504
59599979	664259556	527
59599932	664259627	544
59599967	664259725	548
59599949	664259825	539
59599930	664259970	453
59599378	664252334	247
59599325	664252459	248
59599472	664250829	246
59599467	664251025	255
59599458	664251226	892
59599477	664251348	909
59599461	664251426	910
59599427	664251535	921
59599467	664251673	948
59599441	664251724	950
59599430	664251873	963
59599475	664251940	978
59599474	664252060	988
59599441	664252125	254
59599427	664252244	245
59599473	664252369	247
59599475	664252431	245
59599558	664249927	240
59599543	664250173	245
59599570	664250248	244
59599527	664250380	244
59599573	664250429	242
59599573	664250572	242
59599540	664250670	244
59599573	664250732	250
59599574	664250864	868
59599528	664250945	868
59599570	664251070	895
59599534	664251128	889
59599577	664251224	914
59599530	664251333	918
59599573	664251471	947
59599562	664251570	952
59599533	664251676	963
59599573	664251762	981
59599530	664251864	987
59599568	664251936	1004
59599525	664252037	1003
59599530	664252171	1014
59599539	664252214	249
59599576	664252325	249
59599524	664252462	247
59599673	664248743	231
59599673	664248965	235
59599628	664249170	236
59599682	664249263	239
59599658	664249321	240
59599671	664249477	244
59599664	664249562	243
59599631	664249625	240
59599624	664249772	243
59599643	664249823	245
59599642	664249924	238
59599634	664250073	244
59599622	664250149	245
59599643	664250227	240
59599674	664250353	242
59599621	664250453	242
59599625	664250517	245
59599636	664250628	248
59599626	664250765	865
59599676	664250852	886
59599655	664250976	897
59599669	664251036	905
59599638	664251171	915
59599674	664251248	940
59599625	664251328	933
59599632	664251471	959
59599676	664251538	976
59599628	664251658	983
59599674	664251738	999
59599671	664251848	1013
59599626	664251953	1016
59599626	664252053	1029
59599675	664252167	1054
59599670	664252279	252
59599625	664252351	252
59599673	664252437	246
59599773	664247864	233
59599777	664248052	231
59599749	664248179	228
59599739	664248224	228
59599757	664248374	224
59599734	664248472	228
59599732	664248542	230
59599768	664248628	231
59599738	664248729	228
59599747	664248872	233
59599766	664248962	236
59599750	664249025	237
59599728	664249154	237
59599781	664249235	239
59599756	664249373	243
59599770	664249472	241
59599769	664249529	243
59599778	664249626	243
59599771	664249741	240
59599727	664249845	234
59599725	664249929	244
59599771	664250034	241
59599731	664250125	240
59599755	664250223	242
59599724	664250326	243
59599705	664250441	244
59599728	664250568	863
59599747	664250677	883
59599769	664250770	896
59599738	664250875	899
59599771	664250963	926
59599733	664251034	923
59599774	664251142	943
59599731	664251270	953
59599739	664251371	961
59599748	664251424	974
59599725	664251558	988
59599723	664251645	1000
59599749	664251731	1016
59599757	664251874	1037
59599732	664251922	1038
59599729	664252065	1054
59599769	664252171	1069
59599737	664252230	1071
59599718	664252330	256
59599739	664252432	255
59599876	664246594	232
59599856	664246670	234
59599876	664246938	238
59599856	664247029	236
59599869	664247175	239
59599827	664247273	241
59599833	664247368	239
59599870	664247441	240
59599834	664247522	237
59599872	664247630	239
59599836	664247733	237
59599827	664247850	232
59599864	664247975	234
59599852	664248077	232
59599870	664248131	227
59599827	664248233	226
59599878	664248330	226
59599825	664248438	227
59599831	664248525	229
59599837	664248624	228
59599852	664248772	233
59599875	664248860	235
59599819	664248939	235
59599864	664249074	241
59599879	664249156	241
59599828	664249261	240
59599865	664249352	242
59599852	664249425	244
59599836	664249570	243
59599876	664249679	240
59599829	664249733	240
59599838	664249874	243
59599826	664249981	238
59599836	664250029	241
59599870	664250132	241
59599816	664250236	244
59599814	664250304	242
59599827	664250442	861
59599872	664250573	892
59599845	664250624	895
59599871	664250770	922
59599830	664250830	915
59599839	664250923	927
59599830	664251027	944
59599823	664251163	957
59599859	664251274	984
59599847	664251328	986
59599824	664251478	1001
59599858	664251525	1014
59599860	664251677	1039
59599834	664251727	1037
59599830	664251871	1054
59599871	664251965	1073
59599866	664252075	1083
59599822	664252159	1083
59599871	664252228	1101
59599828	664252330	1102
59599821	664252456	249
59599976	664245576	234
59599972	664245630	241
59599939	664245726	242
59599941	664245825	239
59599928	664245934	237
59599974	664246085	240
59599927	664246123	239
59599977	664246280	237
59599940	664246328	224
59599964	664246440	231
59599930	664246571	225
59599976	664246648	226
59599929	664246782	232
59599974	664246866	235
59599974	664246973	237
59599947	664247025	239
59599932	664247175	238
59599934	664247228	238
59599935	664247331	240
59599961	664247474	240
59599963	664247584	239
59599925	664247650	239
59599969	664247745	238
59599954	664247821	237
59599927	664247935	232
59599977	664248061	232
59599958	664248125	231
59599927	664248236	231
59599925	664248335	229
59599971	664248460	230
59599933	664248573	229
59599930	664248676	231
59599963	664248734	235
59599963	664248824	234
59599970	664248930	240
59599960	664249030	240
59599952	664249180	240
59599949	664249265	243
59599976	664249341	242
59599946	664249476	247
59599935	664249534	241
59599944	664249672	244
59599973	664249731	233
59599929	664249862	240
59599969	664249942	241
59599928	664250078	241
59599949	664250114	242
59599931	664250231	858
59599925	664250324	865
59599964	664250429	891
59599974	664250574	915
59599930	664250674	916
59599925	664250736	924
59599927	664250870	938
59599928	664250926	949
59599973	664251029	975
59599925	664251161	980
59599967	664251267	1004
59599957	664251326	1013
59599925	664251440	1013
59599939	664251526	1037
59599930	664251633	1044
59599932	664251769	1061
59599930	664251832	1068
59599975	664251934	1092
59599952	664252074	1104
59599971	664252146	1114
59599938	664252273	1124
59599979	664252357	1142
59599957	664252424	1138
59599379	664251975	961
59599369	664252025	966
59599371	664252151	986
59599377	664252227	989
59599370	664252426	260
59599479	664250783	248
59599481	664250920	853
59599483	664251133	882
59599431	664251278	893
59599450	664251484	921
59599460	664251575	932
59599433	664251625	931
59599482	664251774	965
59599457	664251822	964
59599442	664251976	975
59599423	664252052	983
59599422	664252182	1000
59599458	664252273	1018
59599421	664252327	248
59599428	664252467	300
59599581	664249725	244
59599579	664249878	247
59599556	664250131	249
59599525	664250323	245
59599552	664250480	243
59599506	664250511	248
59599582	664250682	247
59599533	664250777	248
59599519	664250835	851
59599580	664250973	883
59599520	664251025	872
59599530	664251176	900
59599542	664251281	913
59599533	664251369	924
59599532	664251417	931
59599546	664251523	947
59599558	664251628	962
59599517	664251753	965
59599552	664251813	983
59599522	664251959	991
59599572	664252078	1019
59599569	664252133	1025
59599569	664252266	1039
59599526	664252316	1038
59599583	664252471	248
59599683	664248854	235
59599661	664249029	238
59599683	664249183	239
59599618	664249232	239
59599633	664249384	242
59599679	664249467	618
59599621	664249576	598
59599669	664249627	362
59599672	664249760	243
59599604	664249828	244
59599632	664249985	241
59599674	664250050	246
59599683	664250171	242
59599632	664250270	245
59599615	664250377	245
59599673	664250481	245
59599665	664250581	839
59599672	664250675	861
59599678	664250766	872
59599613	664250828	866
59599628	664250920	883
59599618	664251078	904
59599621	664251119	909
59599614	664251263	934
59599682	664251350	947
59599663	664251426	961
59599669	664251577	981
59599665	664251623	986
59599635	664251777	998
59599612	664251832	1000
59599677	664251984	1032
59599675	664252023	1033
59599649	664252126	1036
59599624	664252265	1052
59599673	664252351	1071
59599644	664252493	248
59599780	664247653	239
59599773	664247830	236
59599784	664247944	235
59599727	664248025	232
59599731	664248161	231
59599747	664248279	227
59599783	664248336	225
59599761	664248440	227
59599774	664248529	232
59599721	664248631	230
59599778	664248787	235
59599766	664248828	235
59599714	664248927	236
59599737	664249096	238
59599784	664249117	650
59599713	664249284	242
59599751	664249318	332
59599771	664249433	370
59599722	664249527	247
59599737	664249668	253
59599715	664249721	243
59599798	664249888	249
59599774	664249950	246
59599735	664250072	244
59599769	664250154	245
59599759	664250280	244
59599785	664250362	857
59599777	664250474	858
59599753	664250520	858
59599765	664250622	872
59599713	664250737	877
59599770	664250816	902
59599717	664250984	914
59599768	664251077	934
59599723	664251121	930
59599765	664251230	960
59599779	664251332	976
59599767	664251466	989
59599776	664251579	1000
59599783	664251667	1017
59599727	664251782	1022
59599779	664251828	1037
59599772	664251980	1050
59599770	664252062	1061
59599770	664252131	1070
59599782	664252277	1085
59599731	664252372	1085
59599748	664252480	860
59599874	664246477	435
59599844	664246776	725
59599881	664246882	233
59599876	664246971	238
59599838	664247073	240
59599857	664247125	510
59599866	664247226	501
59599807	664247319	505
59599857	664247471	244
59599834	664247565	240
59599821	664247690	240
59599890	664247755	241
59599882	664247835	236
59599865	664247932	235
59599878	664248029	235
59599847	664248154	233
59599885	664248234	231
59599851	664248382	229
59599862	664248482	230
59599881	664248551	232
59599866	664248681	235
59599816	664248733	237
59599825	664248857	240
59599838	664248992	240
59599835	664249019	649
59599834	664249131	242
59599863	664249272	651
59599838	664249318	651
59599822	664249478	634
59599877	664249529	481
59599813	664249640	254
59599880	664249774	248
59599876	664249839	242
59599873	664249955	243
59599832	664250093	246
59599837	664250129	243
59599880	664250277	852
59599831	664250370	256
59599876	664250448	875
59599819	664250573	879
59599821	664250671	897
59599833	664250718	907
59599879	664250850	926
59599879	664250978	947
59599864	664251078	958
59599878	664251135	968
59599865	664251212	972
59599868	664251383	1000
59599881	664251422	1011
59599831	664251580	1018
59599877	664251621	1029
59599876	664251758	1046
59599854	664251825	1055
59599868	664251921	1066
59599823	664252026	1069
59599855	664252115	1084
59599850	664252279	1101
59599854	664252381	1112
59599876	664252426	1125
59599963	664245474	247
59599948	664245676	241
59599942	664245979	243
59599914	664246031	240
59599947	664246181	238
59599964	664246222	241
59599979	664246369	244
59599926	664246475	402
59599929	664246540	232
59599922	664246626	723
59599963	664246732	235
59599939	664246880	238
59599974	664246933	236
59599990	664247089	240
59599981	664247178	242
59599962	664247270	242
59599963	664247376	241
59599951	664247439	241
59599991	664247549	246
59599919	664247688	243
59599941	664247777	239
59599979	664247836	239
59599966	664247975	234
59599929	664248035	232
59599936	664248176	232
59599982	664248287	233
59599983	664248380	236
59599970	664248419	233
59599966	664248526	236
59599952	664248625	236
59599950	664248781	240
59599988	664248886	639
59599933	664248982	644
59599965	664249075	646
59599940	664249122	642
59599977	664249226	649
59599933	664249329	653
59599937	664249422	658
59599981	664249548	249
59599969	664249625	244
59599918	664249777	244
59599970	664249813	242
59599952	664249952	244
59599974	664250034	844
59599955	664250176	854
59599979	664250276	869
59599976	664250373	887
59599923	664250475	891
59599924	664250522	895
59599947	664250625	918
59599940	664250781	939
59599975	664250817	946
59599981	664250966	965
59599941	664251074	973
59599969	664251162	994
59599936	664251223	991
59599941	664251379	1015
59599979	664251475	1036
59599982	664251578	1050
59599975	664251658	1057
59599974	664251767	1071
59599974	664251851	1080
59599932	664251921	1079
59599961	664252017	1093
59599919	664252124	1101
59599971	664252239	1127
59599920	664252322	1123
59599924	664252463	1137
