X	Y	Z
61229249	674159671	12608
61229239	674159704	12614
61229288	674159630	12600
61229527	674159697	12601
61229475	674159775	12629
61229424	674159852	12661
61229374	674159928	12690
61229343	674159997	12707
61229389	674159928	12684
61229436	674159857	12664
61229481	674159790	12629
61229529	674159717	12607
61229579	674159641	12590
61229807	674159712	12618
61229755	674159791	12647
61229704	674159868	12677
61229654	674159944	12708
61229673	674159937	12702
61229719	674159868	12672
61229767	674159796	12650
61229815	674159723	12627
61230096	674159725	12643
61230044	674159805	12671
61229991	674159884	12698
61229940	674159962	12730
61229971	674159940	12719
61230018	674159869	12695
61230066	674159797	12669
61230114	674159723	12641
61230381	674159748	12693
61230327	674159830	12718
61230273	674159911	12742
61230221	674159990	12769
61230262	674159957	12755
61230311	674159883	12734
61230359	674159810	12710
61230409	674159735	12689
61230674	674159762	12721
61230621	674159844	12746
61230566	674159927	12767
61230563	674159958	12784
61230611	674159886	12758
61230660	674159811	12739
61230965	674159790	12751
61230910	674159874	12774
61230857	674159954	12807
61230865	674159970	12816
61230913	674159898	12782
61230963	674159821	12762
61231223	674159852	12797
61231167	674159936	12820
61231172	674159959	12830
61231222	674159883	12809
61231273	674159806	12785
61231527	674159864	12842
61231472	674159948	12866
61231483	674159955	12868
61231534	674159877	12850
61231803	674159902	12858
61231748	674159986	12883
61231772	674159978	12884
61231823	674159901	12862
61232361	674159931	13927
61232363	674159952	13941
61232622	674159977	14187
61232632	674159988	14183
61233230	674159979	14367
61233246	674159982	14365
61233126	674159985	13752
61233132	674159998	14350
61232745	674159970	14099
61232737	674159960	13514
61232474	674159981	13819
61232508	674159944	14127
61232460	674159908	14219
61232426	674159946	13913
61232390	674159964	12959
61232119	674159985	12922
61232129	674159990	13488
61232182	674159897	12929
61232166	674159948	13767
61232128	674159879	13488
61232120	674159871	12905
61232054	674159963	12915
61231801	674159961	12891
61231867	674159867	12865
61231781	674159863	12873
61231716	674159955	12889
61231481	674159941	12870
61231546	674159848	12851
61231454	674159857	12857
61231389	674159949	12873
61231104	674159998	12855
61231170	674159904	12830
61231236	674159810	12801
61231120	674159846	12805
61231053	674159941	12837
61230794	674159959	12822
61230861	674159864	12784
61230926	674159770	12757
61230794	674159830	12777
61230728	674159924	12809
61230475	674159929	12781
61230541	674159835	12754
61230608	674159740	12727
61230540	674159724	12728
61230475	674159817	12754
61230409	674159910	12777
61230111	674159977	12763
61230176	674159883	12732
61230241	674159790	12710
61230213	674159720	12680
61230147	674159815	12709
61230080	674159910	12743
61229800	674159950	12731
61229867	674159854	12695
61229934	674159758	12657
61229893	674159705	12643
61229827	674159800	12674
61229759	674159896	12714
61229693	674159991	12746
61229493	674159915	12704
61229560	674159819	12662
61229626	674159724	12622
61229562	674159701	12624
61229495	674159795	12655
61229428	674159891	12694
61229361	674159986	12729
61229243	674159797	12644
61229309	674159702	12610
61229285	674159615	12603
61229219	674159708	12625
